80 88 679
71 59 900
2 85 662
40 59 514
48 7 223
17 85 818
52 95 100
9 96 745
24 10 696
44 32 236
47 11 306
92 81 127
38 97 208
78 81 715
27 37 409
64 92 688
1 95 455
93 5 186
47 72 624
36 59 422
48 21 621
42 84 290
59 52 996
56 79 524
50 62 90
8 84 115
88 92 641
93 89 23
58 47 539
23 27 613
54 6 979
41 58 186
9 93 437
20 42 147
62 67 39
52 97 899
60 65 952
67 96 867
10 42 39
39 19 29
88 60 103
63 30 249
2 32 703
82 100 555
14 13 62
12 16 174
39 94 458
96 79 704
32 65 628
96 76 976
19 86 160
72 7 484
41 63 229
5 75 945
39 59 340
5 19 333
39 53 21
22 55 511
96 46 529
76 4 845
69 78 900
47 82 670
28 9 883
55 5 412
61 100 16
86 27 687
20 1 587
23 13 699
61 31 879
40 62 288
84 100 52
91 62 431
88 71 437
51 26 634
36 15 803
35 81 815
21 5 95
86 27 163
52 1 119
28 66 754
74 37 440
67 70 597
28 5 79
30 10 987
41 23 376
65 52 402
90 76 316
64 8 687
15 13 939
69 100 926
49 79 25
53 83 638
82 16 225
7 78 341
18 90 170
89 99 682
49 60 12
32 93 499
11 28 91
77 45 428
97 16 233
96 44 326
44 82 170
29 58 404
34 65 554
52 92 653
54 24 5
85 18 501
98 79 786
85 86 940
26 93 90
41 43 155
2 40 917
35 64 530
45 100 809
18 96 220
62 76 943
36 58 286
71 19 536
8 50 266
18 90 750
64 7 124
88 32 733
62 43 155
55 38 605
2 37 38
32 83 17
22 41 896
64 90 244
11 34 205
26 23 875
88 79 942
54 21 751
10 50 41
38 13 609
12 99 1000
26 98 397
58 73 412
84 74 898
17 98 83
85 57 393
94 67 19
78 60 535
1 64 391
34 58 666
78 56 309
98 53 99
62 96 472
33 16 785
12 90 234
97 11 350
10 16 826
95 83 833
86 44 108
49 51 839
3 2 969
74 24 13
80 91 796
17 87 600
75 36 870
91 80 3
65 58 282
45 76 432
57 68 183
1 95 36
21 67 362
54 55 14
76 73 384
34 8 9
18 25 986
83 46 395
55 30 713
79 49 122
38 58 221
84 1 855
49 5 748
92 65 908
97 2 114
24 21 144
98 29 32
64 83 739
18 100 377
37 60 867
52 6 359
56 51 897
13 48 282
10 8 392
37 40 215
85 83 450
75 57 365
48 16 551
95 48 676
23 15 769
21 29 139
79 85 419
87 60 411
89 63 779
57 6 595
13 15 903
61 48 307
60 3 1
24 15 31
91 13 615
78 2 458
49 50 35
90 3 504
8 19 316
13 73 47
17 26 45
64 99 139
100 66 112
55 81 591
71 82 329
30 74 414
61 94 25
72 8 755
56 48 279
13 28 64
80 10 522
66 18 206
51 86 817
67 66 342
65 20 236
62 85 216
64 76 932
33 72 65
7 66 638
3 4 86
50 67 211
99 7 372
67 90 628
73 83 842
49 46 463
52 69 877
78 27 679
44 68 378
12 47 954
52 4 472
76 78 177
36 80 974
37 85 972
68 8 108
99 91 465
38 52 425
9 4 107
68 55 198
22 67 11
17 81 929
88 43 200
52 99 777
22 79 369
9 79 624
9 61 428
22 14 371
49 44 741
81 26 314
29 92 696
65 98 330
70 10 962
5 9 231
40 43 498
49 16 191
55 41 881
68 12 79
34 72 912
70 45 260
14 60 462
47 68 76
56 76 729
54 43 784
90 26 591
9 72 13
72 95 944
23 49 43
74 16 863
20 38 868
87 6 456
65 28 809
56 3 694
100 43 3
87 2 819
13 53 397
5 85 52
43 80 732
63 21 421
14 70 704
82 84 918
10 84 523
95 40 714
19 83 263
98 73 711
75 35 631
96 13 837
35 83 825
88 94 466
93 67 852
11 86 595
46 81 657
53 89 442
43 51 693